1075 360 5 1020 607 870
1020 610 874 1075 360 10
1020 926 557 1011 453 819
1020 11 377 1012 527 532
1020 378 9 1002 555 960
1005 51 73 1002 459 294
1015 668 908 1015 564 800
1015 486 783 1015 570 853
1015 202 230 1015 150 311
1015 537 690 1015 759 513
1015 355 442 1015 205 329
1015 366 165 1015 496 280
1015 760 511 1015 532 691
1015 789 480 1015 169 363
1015 1018 710 1002 232 190
1015 496 287 1015 609 390
1015 612 397 1015 698 520
1015 231 431 1015 389 499
1015 437 658 1015 345 597
1015 375 223 1015 410 332
1015 443 586 1015 485 675
1015 588 602 1015 584 674
1015 299 202 1015 288 260
1015 476 348 1015 344 206
1015 340 558 1015 511 533
1015 296 598 1015 195 418
1015 281 254 1015 200 224
1015 588 602 1015 584 674
1015 565 851 1015 649 837
1015 645 838 1015 531 593
1015 588 680 1015 742 843
1015 740 837 1015 722 926
1015 206 488 1015 294 561
1015 588 680 1015 742 843
1015 740 837 1015 722 926
1015 311 463 1015 511 533
1015 154 307 1015 200 224
1015 155 415 1015 199 484
1000 77 319 1001 312 646
1000 164 471 1077 755 872
1000 977 668 1002 74 464
1027 136 99 1000 312 11
1026 136 99 1020 528 890
1511 51 73 1002 430 380
1009 22 29 1002 430 380
1001 313 652 1000 85 323
1028 156 90 1002 53 399
1101 191 163 1002 430 380
1042 37 58 1002 342 723
1077 756 877 1000 161 466
1076 3 361 1011 851 482
1011 448 822 1020 919 559
1011 855 482 1076 7 361
1011 379 23 1013 54 81
1011 6 376 1002 958 555
1014 77 32 1013 59 28
1014 137 90 1016 50 82
1016 50 88 1014 133 89
1013 56 87 1011 379 28
1013 57 21 1014 81 41
1004 51 73 1002 402 391
1007 25 28 1002 430 380
1008 22 29 1002 430 380
1012 531 534 1020 16 379
1006 41 31 1002 386 391
1002 555 964 1020 379 14
1002 223 196 1015 1010 710
1002 44 394 1028 157 95
1002 963 557 1011 11 376
1002 401 387 1004 51 70
1002 383 388 1006 37 31
1025 27 65 1011 930 563
1098 33 43 1036 199 91
1099 53 86 1036 199 91
1100 191 163 1002 430 380
1102 191 163 1002 430 380
1103 191 163 1002 430 380
1104 191 163 1002 430 380
1105 191 163 1002 430 380
1106 191 163 1002 430 380
1107 191 163 1002 430 380
1108 191 163 1002 430 380
1109 191 163 1002 430 380
1204 3 160 1216 949 479
1216 954 479 1204 8 161
1204 1355 1199 1213 9 282
1213 4 281 1204 1350 1199
1213 1075 798 1201 8 201
1201 3 201 1213 1070 798
1201 594 397 1202 9 302
1202 3 301 1201 589 397
1202 694 398 1205 8 160
1205 3 160 1202 689 398
1205 1355 1198 1077 361 12
1216 479 954 1214 641 9
1214 635 3 1216 478 949
1214 799 1434 7020 360 10
7020 360 5 1214 797 1428
1216 480 3 1215 8 377
1215 3 376 1216 482 9
1215 938 567 1207 957 1209
1207 958 1214 1215 933 567
1207 260 4 1208 9 501
1208 3 500 1207 261 10
1210 4 329 1211 949 558
1211 955 558 1210 10 330
1211 3 400 1212 1003 1278
1212 1015 1295 1211 9 401
7010 1015 1295 1212 376 38
7000 313 652 1001 674 344
1212 906 1041 1212 942 1012
1212 942 1015 1212 903 1041
1212 1025 1038 1212 1087 1124
1212 1083 1120 1212 1022 1035
1212 896 891 1212 871 853
1212 872 847 1212 900 826
1212 898 828 1212 872 850
1212 1049 838 1212 1138 895
1212 1135 892 1212 1046 835
1212 846 555 1212 834 455
1212 837 458 1212 846 558
1212 810 677 1212 690 667
1212 693 667 1212 813 677
1212 710 377 1212 674 418
1212 674 415 1212 713 377
1212 620 399 1212 611 311
1212 861 846 1212 808 823
1212 811 826 1212 864 846
1212 781 841 1212 705 921
1212 708 921 1212 781 838
1212 580 824 1212 539 752
1212 542 755 1212 582 827
1212 476 688 1212 369 651
1212 372 651 1212 479 691
1212 352 512 1212 404 451
1212 404 454 1212 349 512
1212 392 387 1212 335 282
1212 338 285 1212 395 390
1212 310 171 1212 378 153
1212 375 153 1212 310 174
1212 614 314 1212 623 402
7010 906 1041 7010 942 1012
7010 942 1015 7010 903 1041
7010 1025 1038 7010 1087 1124
7010 1083 1120 7010 1022 1035
7010 896 891 7010 871 853
7010 872 847 7010 900 826
7010 898 828 7010 872 850
7010 1049 838 7010 1138 895
7010 1135 892 7010 1046 835
7010 846 555 7010 834 455
7010 837 458 7010 846 558
7010 810 677 7010 690 667
7010 693 667 7010 813 677
7010 710 377 7010 674 418
7010 674 415 7010 713 377
7010 620 399 7010 611 311
7010 861 846 7010 808 823
7010 811 826 7010 864 846
7010 781 841 7010 705 921
7010 708 921 7010 781 838
7010 580 824 7010 539 752
7010 542 755 7010 582 827
7010 476 688 7010 369 651
7010 372 651 7010 479 691
7010 352 512 7010 404 451
7010 404 454 7010 349 512
7010 392 387 7010 335 282
7010 338 285 7010 395 390
7010 310 171 7010 378 153
7010 375 153 7010 310 174
7010 614 314 7010 623 402
1025 114 162 4401 72 15
4401 73 13 1025 113 155
4401 114 162 4402 72 15
4402 73 13 4401 113 155
4402 114 162 4700 72 15
4402 168 111 4600 15 77
4600 13 78 4402 162 111
4401 168 111 4501 15 77
4501 13 78 4401 162 111
4501 114 162 4701 72 15
4701 73 13 4501 113 155
4402 168 111 4601 15 77
4601 15 77 4402 162 111
1025 168 111 4502 15 77
4502 13 78 1025 162 111
4502 168 111 4503 15 77
4503 13 78 4502 162 111
4503 168 111 4602 15 77
4602 13 78 4503 162 111
4503 114 162 4702 72 15
4702 73 13 4503 113 155
4502 114 162 4506 15 77
4506 13 78 4502 113 155
4506 168 111 4603 15 77
4603 13 78 4506 162 111
4506 114 162 4703 72 15
4703 73 13 4506 113 155